1. 8
2. 24
3. 40
4. 42
5. 43
6. 41
7. 23
8. 317
9. 987
10. 1046
11. 1047
12. 1049
13. 1048
14. 13
15. 44
16. 20
17. 262
18. 260
19. 21
20. 12
21. 665
22. 263
23. 666
24. 22
25. 30
26. 111
27. 264
28. 140
29. 141
30. 7
31. 142
32. 28
33. 9
34. 164
35. 261
36. 48
37. 49
38. 290
39. 6
40. 78
41. 112
42. 198
43. 77
44. 82
45. 200
46. 38
47. 182
48. 37
49. 455
50. 158
51. 181
52. 5
53. 81
54. 424
55. 423
56. 199
57. 268
58. 39
59. 156
60. 50
61. 157
62. 80
63. 292
64. 285
65. 349
66. 634
67. 632
68. 631
69. 635
70. 633
71. 201
72. 382
73. 202
74. 602
75. 601
76. 558
77. 833
78. 831
79. 385
80. 284
81. 384
82. 442
83. 291
84. 383
85. 97
86. 232
87. 832
88. 293
89. 183
90. 557
91. 76
92. 600
93. 358
94. 147
95. 425
96. 121
97. 203
98. 272
99. 454
100. 113
101. 504
102. 505
103. 79
104. 228
105. 586
106. 270
107. 306
108. 456
109. 367
110. 479
111. 271
112. 273
113. 603
114. 269
115. 353
116. 422
117. 559
118. 605
119. 678
120. 604
121. 63
122. 587
123. 450
124. 11
125. 29
126. 346
127. 266
128. 86
129. 90
130. 87
131. 212
132. 305
133. 368
134. 127
135. 89
136. 125
137. 114
138. 10
139. 211
140. 143
141. 319
142. 100
143. 145
144. 638
145. 637
146. 288
147. 452
148. 453
149. 451
150. 33
151. 135
152. 124
153. 538
154. 615
155. 481
156. 287
157. 289
158. 706
159. 128
160. 607
161. 129
162. 130
163. 636
164. 1240
165. 93
166. 402
167. 435
168. 56
169. 94
170. 26
171. 99
172. 426
173. 286
174. 545
175. 606
176. 351
177. 1255
178. 369
179. 537
180. 95
181. 136
182. 126
183. 432
184. 117
185. 245
186. 146
187. 1719
188. 1658
189. 1660
190. 1659
191. 1656
192. 1657
193. 116
194. 473
195. 556
196. 283
197. 304
198. 144
199. 705
200. 355
201. 25
202. 768
203. 98
204. 123
205. 755
206. 18
207. 115
208. 540
209. 1025
210. 754
211. 1684
212. 334
213. 267
214. 756
215. 376
216. 852
217. 237
218. 643
219. 342
220. 480
221. 386
222. 1191
223. 1193
224. 1192
225. 433
226. 1183
227. 784
228. 307
229. 354
230. 644
231. 294
232. 138
233. 503
234. 302
235. 172
236. 648
237. 350
238. 834
239. 405
240. 387
241. 646
242. 434
243. 173
244. 151
245. 1645
246. 1644
247. 64
248. 645
249. 357
250. 137
251. 139
252. 1182
253. 310
254. 757
255. 393
256. 35
257. 45
258. 133
259. 1241
260. 46
261. 502
262. 254
263. 176
264. 330
265. 309
266. 429
267. 171
268. 647
269. 430
270. 679
271. 256
272. 196
273. 197
274. 858
275. 177
276. 175
277. 1139
278. 1140
279. 187
280. 840
281. 854
282. 853
283. 1185
284. 1184
285. 1186
286. 1187
287. 1188
288. 1190
289. 1189
290. 297
291. 2550
292. 54
293. 841
294. 394
295. 395
296. 188
297. 34
298. 1672
299. 851
300. 835
301. 363
302. 15
303. 96
304. 916
305. 160
306. 59
307. 441
308. 356
309. 850
310. 849
311. 546
312. 512
313. 72
314. 265
315. 255
316. 303
317. 60
318. 541
319. 222
320. 118
321. 443
322. 1508
323. 1646
324. 1647
325. 1648
326. 132
327. 53
328. 1699
329. 1698
330. 857
331. 32
332. 69
333. 119
334. 710
335. 709
336. 708
337. 190
338. 440
339. 88
340. 108
341. 915
342. 412
343. 1724
344. 47
345. 105
346. 1158
347. 696
348. 449
349. 316
350. 189
351. 885
352. 106
353. 377
354. 131
355. 36
356. 444
357. 859
358. 555
359. 887
360. 436
361. 1204
362. 1239
363. 1238
364. 1129
365. 1131
366. 1130
367. 194
368. 703
369. 279
370. 398
371. 308
372. 71
373. 704
374. 210
375. 348
376. 1326
377. 1325
378. 1327
379. 719
380. 259
381. 70
382. 159
383. 227
384. 917
385. 888
386. 1235
387. 1234
388. 805
389. 803
390. 806
391. 802
392. 2532
393. 460
394. 461
395. 223
396. 1148
397. 539
398. 721
399. 723
400. 785
401. 221
402. 220
403. 524
404. 318
405. 1347
406. 447
407. 720
408. 161
409. 66
410. 364
411. 365
412. 51
413. 150
414. 411
415. 193
416. 943
417. 217
418. 102
419. 1031
420. 1030
421. 1132
422. 934
423. 280
424. 219
425. 707
426. 698
427. 52
428. 192
429. 1224
430. 1223
431. 1222
432. 448
433. 722
434. 1796
435. 511
436. 1803
437. 753
438. 1725
439. 122
440. 700
441. 699
442. 701
443. 702
444. 55
445. 797
446. 103
447. 794
448. 238
449. 462
450. 463
451. 374
452. 796
453. 154
454. 235
455. 14
456. 752
457. 312
458. 1032
459. 532
460. 1782
461. 874
462. 1134
463. 1135
464. 1133
465. 84
466. 765
467. 764
468. 375
469. 4
470. 899
471. 798
472. 231
473. 206
474. 321
475. 322
476. 2573
477. 469
478. 629
479. 1219
480. 1221
481. 1220
482. 1218
483. 470
484. 236
485. 471
486. 391
487. 104
488. 751
489. 687
490. 186
491. 230
492. 1261
493. 1262
494. 961
495. 1742
496. 1743
497. 951
498. 372
499. 205
500. 1825
501. 149
502. 107
503. 229
504. 630
505. 763
506. 67
507. 179
508. 178
509. 191
510. 68
511. 533
512. 531
513. 19
514. 185
515. 184
516. 155
517. 249
518. 218
519. 669
520. 134
521. 207
522. 313
523. 472
524. 962
525. 380
526. 1164
527. 501
528. 2600
529. 1939
530. 1800
531. 1799
532. 1802
533. 1801
534. 390
535. 392
536. 2598
537. 61
538. 468
539. 711
540. 960
541. 331
542. 2595
543. 935
544. 880
545. 174
546. 275
547. 467
548. 976
549. 542
550. 544
551. 543
552. 2619
553. 2618
554. 397
555. 240
556. 1655
557. 1654
558. 670
559. 517
560. 16
561. 789
562. 1798
563. 1795
564. 1797
565. 2599
566. 148
567. 500
568. 877
569. 420
570. 881
571. 608
572. 518
573. 62
574. 315
575. 804
576. 762
577. 672
578. 1033
579. 299
580. 657
581. 671
582. 204
583. 547
584. 569
585. 1340
586. 276
587. 278
588. 620
589. 366
590. 718
591. 153
592. 224
593. 167
594. 1364
595. 65
596. 234
597. 717
598. 152
599. 239
600. 659
601. 660
602. 621
603. 57
604. 58
605. 1664
606. 1663
607. 572
608. 343
609. 1322
610. 1584
611. 1137
612. 1138
613. 1136
614. 525
615. 91
616. 92
617. 2605
618. 165
619. 658
620. 676
621. 884
622. 1299
623. 1704
624. 1702
625. 1703
626. 1705
627. 1706
628. 17
629. 31
630. 166
631. 979
632. 1021
633. 465
634. 1652
635. 1653
636. 1651
637. 567
638. 522
639. 333
640. 120
641. 83
642. 339
643. 421
644. 673
645. 571
646. 329
647. 352
648. 216
649. 774
650. 419
651. 341
652. 978
653. 1022
654. 886
655. 994
656. 418
657. 75
658. 327
659. 938
660. 73
661. 570
662. 466
663. 1304
664. 1305
665. 1303
666. 464
667. 932
668. 482
669. 612
670. 1365
671. 674
672. 675
673. 401
674. 336
675. 320
676. 685
677. 766
678. 1669
679. 1196
680. 370
681. 878
682. 1697
683. 314
684. 2585
685. 2584
686. 1425
687. 609
688. 1662
689. 933
690. 27
691. 274
692. 896
693. 622
694. 485
695. 340
696. 328
697. 225
698. 445
699. 101
700. 338
701. 1163
702. 493
703. 277
704. 226
705. 639
706. 295
707. 296
708. 677
709. 301
710. 767
711. 1044
712. 478
713. 74
714. 778
715. 427
716. 876
717. 599
718. 247
719. 640
720. 614
721. 1689
722. 1690
723. 1688
724. 872
725. 936
726. 2570
727. 2571
728. 2572
729. 776
730. 1199
731. 613
732. 1301
733. 1294
734. 1298
735. 1296
736. 1302
737. 882
738. 879
739. 1297
740. 1300
741. 883
742. 1295
743. 668
744. 775
745. 1375
746. 1376
747. 428
748. 688
749. 1670
750. 458
751. 403
752. 971
753. 1886
754. 337
755. 777
756. 617
757. 323
758. 163
759. 162
760. 1203
761. 937
762. 399
763. 772
764. 233
765. 404
766. 1038
767. 972
768. 332
769. 438
770. 1271
771. 484
772. 483
773. 894
774. 893
775. 795
776. 1576
777. 1824
778. 439
779. 989
780. 991
781. 990
782. 988
783. 836
784. 663
785. 248
786. 1141
787. 1723
788. 1722
789. 1746
790. 534
791. 975
792. 1247
793. 281
794. 1200
795. 848
796. 1201
797. 1202
798. 623
799. 641
800. 335
801. 914
802. 300
803. 400
804. 611
805. 610
806. 1393
807. 1390
808. 1389
809. 1392
810. 1391
811. 642
812. 1037
813. 195
814. 2604
815. 1254
816. 1230
817. 1231
818. 1232
819. 1233
820. 726
821. 690
822. 689
823. 684
824. 683
825. 652
826. 653
827. 1013
828. 491
829. 864
830. 863
831. 1012
832. 241
833. 553
834. 922
835. 895
836. 1843
837. 1844
838. 446
839. 618
840. 729
841. 773
842. 246
843. 437
844. 209
845. 208
846. 2630
847. 2632
848. 2631
849. 2629
850. 2603
851. 584
852. 243
853. 311
854. 1237
855. 1236
856. 2647
857. 2646
858. 170
859. 946
860. 1180
861. 1181
862. 770
863. 769
864. 771
865. 1152
866. 244
867. 507
868. 594
869. 686
870. 514
871. 1683
872. 1682
873. 554
874. 944
875. 945
876. 918
877. 523
878. 1274
879. 1273
880. 865
881. 920
882. 1810
883. 1809
884. 980
885. 1336
886. 1334
887. 1337
888. 1335
889. 1352
890. 667
891. 1740
892. 1741
893. 871
894. 457
895. 509
896. 508
897. 510
898. 595
899. 596
900. 1040
901. 598
902. 520
903. 109
904. 866
905. 974
906. 85
907. 519
908. 1736
909. 1735
910. 1738
911. 1737
912. 619
913. 477
914. 838
915. 966
916. 1696
917. 2557
918. 728
919. 847
920. 903
921. 697
922. 560
923. 793
924. 1734
925. 1733
926. 1732
927. 1731
928. 1776
929. 409
930. 867
931. 110
932. 827
933. 1024
934. 475
935. 1034
936. 1765
937. 1814
938. 1812
939. 790
940. 410
941. 359
942. 258
943. 1764
944. 837
945. 1146
946. 1147
947. 1035
948. 476
949. 1272
950. 521
951. 252
952. 662
953. 1763
954. 898
955. 1353
956. 691
957. 626
958. 624
959. 2650
960. 2606
961. 1051
962. 561
963. 1198
964. 1197
965. 251
966. 952
967. 1054
968. 1023
969. 1026
970. 597
971. 661
972. 344
973. 1079
974. 298
975. 856
976. 727
977. 656
978. 654
979. 1673
980. 1282
981. 1283
982. 1284
983. 926
984. 1511
985. 389
986. 749
987. 1354
988. 1343
989. 919
990. 396
991. 761
992. 921
993. 2003
994. 2622
995. 925
996. 1043
997. 1011
998. 489
999. 1811
1000. 732
1001. 692
1002. 1120
1003. 1122
1004. 1121
1005. 1399
1006. 730
1007. 695
1008. 694
1009. 693
1010. 257
1011. 1720
1012. 855
1013. 568
1014. 1661
1015. 506
1016. 1157
1017. 378
1018. 379
1019. 750
1020. 1679
1021. 1678
1022. 1677
1023. 282
1024. 1256
1025. 1324
1026. 1323
1027. 655
1028. 242
1029. 1378
1030. 1379
1031. 1377
1032. 1275
1033. 839
1034. 904
1035. 408
1036. 1894
1037. 1895
1038. 566
1039. 1766
1040. 1808
1041. 731
1042. 1650
1043. 1649
1044. 2560
1045. 2579
1046. 733
1047. 1815
1048. 1816
1049. 1813
1050. 977
1051. 1817
1052. 973
1053. 492
1054. 2563
1055. 2423
1056. 845
1057. 371
1058. 527
1059. 250
1060. 324
1061. 955
1062. 1156
1063. 1153
1064. 1154
1065. 1155
1066. 1174
1067. 1173
1068. 1171
1069. 1172
1070. 1009
1071. 1042
1072. 529
1073. 965
1074. 1381
1075. 1380
1076. 1871
1077. 843
1078. 215
1079. 616
1080. 783
1081. 924
1082. 565
1083. 563
1084. 180
1085. 564
1086. 381
1087. 947
1088. 1820
1089. 1050
1090. 2651
1091. 1405
1092. 562
1093. 1206
1094. 1205
1095. 1207
1096. 1361
1097. 345
1098. 1889
1099. 1851
1100. 1850
1101. 214
1102. 1538
1103. 758
1104. 1841
1105. 388
1106. 781
1107. 2559
1108. 1124
1109. 1123
1110. 1125
1111. 526
1112. 1852
1113. 1151
1114. 1150
1115. 1149
1116. 347
1117. 361
1118. 488
1119. 490
1120. 625
1121. 628
1122. 627
1123. 1257
1124. 1258
1125. 1260
1126. 1259
1127. 846
1128. 2616
1129. 2617
1130. 1039
1131. 759
1132. 2551
1133. 2552
1134. 1250
1135. 2555
1136. 1249
1137. 2554
1138. 2553
1139. 1251
1140. 1248
1141. 1168
1142. 1170
1143. 1169
1144. 814
1145. 1178
1146. 819
1147. 1887
1148. 1888
1149. 959
1150. 956
1151. 1209
1152. 1208
1153. 1749
1154. 1747
1155. 1280
1156. 1281
1157. 1279
1158. 1252
1159. 1253
1160. 1342
1161. 1804
1162. 1341
1163. 1805
1164. 577
1165. 1729
1166. 1730
1167. 169
1168. 782
1169. 1896
1170. 2200
1171. 821
1172. 1700
1173. 1416
1174. 760
1175. 1014
1176. 780
1177. 168
1178. 923
1179. 681
1180. 1268
1181. 1267
1182. 1269
1183. 680
1184. 682
1185. 1715
1186. 1716
1187. 1717
1188. 1686
1189. 1687
1190. 1685
1191. 213
1192. 499
1193. 496
1194. 1745
1195. 1744
1196. 791
1197. 2578
1198. 2577
1199. 870
1200. 253
1201. 528
1202. 958
1203. 1701
1204. 1194
1205. 1195
1206. 810
1207. 581
1208. 582
1209. 1333
1210. 1008
1211. 1853
1212. 583
1213. 1312
1214. 1313
1215. 842
1216. 844
1217. 1718
1218. 573
1219. 1848
1220. 1849
1221. 792
1222. 1015
1223. 530
1224. 362
1225. 779
1226. 1401
1227. 1400
1228. 868
1229. 869
1230. 1311
1231. 1177
1232. 1777
1233. 813
1234. 909
1235. 1292
1236. 1290
1237. 1291
1238. 1293
1239. 820
1240. 2601
1241. 2602
1242. 2059
1243. 325
1244. 822
1245. 910
1246. 1004
1247. 431
1248. 1053
1249. 487
1250. 574
1251. 575
1252. 799
1253. 940
1254. 497
1255. 498
1256. 2597
1257. 2596
1258. 1005
1259. 1159
1260. 1066
1261. 1671
1262. 747
1263. 1017
1264. 1016
1265. 812
1266. 809
1267. 811
1268. 1842
1269. 664
1270. 2565
1271. 1559
1272. 2564
1273. 1561
1274. 1003
1275. 1225
1276. 513
1277. 992
1278. 995
1279. 993
1280. 1881
1281. 1883
1282. 1880
1283. 1885
1284. 1884
1285. 1882
1286. 1246
1287. 580
1288. 741
1289. 360
1290. 1752
1291. 1751
1292. 1750
1293. 494
1294. 900
1295. 1762
1296. 1761
1297. 1760
1298. 801
1299. 817
1300. 1270
1301. 649
1302. 1826
1303. 1167
1304. 407
1305. 406
1306. 1010
1307. 1892
1308. 1893
1309. 1018
1310. 873
1311. 875
1312. 1870
1313. 515
1314. 516
1315. 725
1316. 495
1317. 740
1318. 818
1319. 1872
1320. 2566
1321. 2567
1322. 651
1323. 1289
1324. 1288
1325. 1285
1326. 1286
1327. 1287
1328. 1145
1329. 724
1330. 579
1331. 1317
1332. 1316
1333. 1127
1334. 1126
1335. 1128
1336. 650
1337. 1162
1338. 815
1339. 816
1340. 1355
1341. 1356
1342. 950
1343. 949
1344. 948
1345. 413
1346. 1266
1347. 1264
1348. 1263
1349. 1265
1350. 486
1351. 1210
1352. 1211
1353. 1226
1354. 1161
1355. 957
1356. 1041
1357. 2178
1358. 2649
1359. 2648
1360. 1793
1361. 1794
1362. 2556
1363. 326
1364. 593
1365. 548
1366. 788
1367. 1036
1368. 1420
1369. 1421
1370. 1217
1371. 1071
1372. 1069
1373. 1070
1374. 1056
1375. 1057
1376. 1055
1377. 415
1378. 592
1379. 1165
1380. 1166
1381. 2620
1382. 2621
1383. 1368
1384. 1006
1385. 2574
1386. 2575
1387. 2576
1388. 908
1389. 1721
1390. 2558
1391. 551
1392. 2658
1393. 2657
1394. 1319
1395. 1321
1396. 1320
1397. 1318
1398. 2591
1399. 1388
1400. 576
1401. 1029
1402. 1027
1403. 1028
1404. 1759
1405. 459
1406. 739
1407. 1758
1408. 2582
1409. 2581
1410. 2580
1411. 2583
1412. 786
1413. 787
1414. 578
1415. 1386
1416. 826
1417. 823
1418. 1059
1419. 1060
1420. 1058
1421. 550
1422. 373
1423. 1367
1424. 1366
1425. 1369
1426. 1277
1427. 1276
1428. 1278
1429. 2561
1430. 2562
1431. 474
1432. 1346
1433. 1344
1434. 1345
1435. 1772
1436. 1773
1437. 942
1438. 800
1439. 2628
1440. 1693
1441. 1726
1442. 1727
1443. 941
1444. 939
1445. 414
1446. 824
1447. 825
1448. 954
1449. 2421
1450. 953
1451. 738
1452. 1228
1453. 1227
1454. 1229
1455. 1869
1456. 1419
1457. 1418
1458. 1807
1459. 1806
1460. 1775
1461. 1774
1462. 1329
1463. 1331
1464. 1330
1465. 1332
1466. 1328
1467. 1243
1468. 1160
1469. 1360
1470. 743
1471. 742
1472. 1788
1473. 1789
1474. 1787
1475. 1786
1476. 1382
1477. 1383
1478. 1792
1479. 1791
1480. 1757
1481. 906
1482. 552
1483. 588
1484. 735
1485. 807
1486. 927
1487. 1212
1488. 1214
1489. 1216
1490. 1215
1491. 1213
1492. 549
1493. 536
1494. 1707
1495. 1709
1496. 1711
1497. 1710
1498. 1708
1499. 1675
1500. 1674
1501. 1676
1502. 736
1503. 1245
1504. 930
1505. 901
1506. 1783
1507. 1785
1508. 1784
1509. 417
1510. 590
1511. 1780
1512. 1692
1513. 1691
1514. 1739
1515. 1417
1516. 1712
1517. 1713
1518. 1714
1519. 907
1520. 1242
1521. 589
1522. 1410
1523. 1411
1524. 1409
1525. 1406
1526. 1408
1527. 1407
1528. 1781
1529. 1778
1530. 1779
1531. 1790
1532. 734
1533. 2607
1534. 2609
1535. 2608
1536. 931
1537. 535
1538. 808
1539. 591
1540. 1681
1541. 1680
1542. 1754
1543. 1755
1544. 860
1545. 1694
1546. 1695
1547. 416
1548. 1175
1549. 1176
1550. 1351
1551. 1350
1552. 1349
1553. 1348
1554. 1415
1555. 1414
1556. 1413
1557. 902
1558. 1875
1559. 1873
1560. 1874
1561. 862
1562. 861
1563. 897
1564. 1339
1565. 1338
1566. 830
1567. 1728
1568. 2624
1569. 1831
1570. 1833
1571. 2623
1572. 1834
1573. 1837
1574. 1832
1575. 1835
1576. 1839
1577. 2625
1578. 1838
1579. 1836
1580. 1840
1581. 715
1582. 712
1583. 714
1584. 1314
1585. 1890
1586. 1891
1587. 929
1588. 928
1589. 1143
1590. 1144
1591. 1142
1592. 829
1593. 828
1594. 716
1595. 713
1596. 2615
1597. 1244
1598. 1020
1599. 1019
1600. 1666
1601. 1667
1602. 1668
1603. 1665
1604. 1771
1605. 2588
1606. 1768
1607. 1767
1608. 2589
1609. 2587
1610. 1769
1611. 1770
1612. 2590
1613. 2586
1614. 585
1615. 889
1616. 996
1617. 998
1618. 997
1619. 1384
1620. 1827
1621. 1828
1622. 1829
1623. 1830
1624. 746
1625. 748
1626. 964
1627. 1001
1628. 1387
1629. 2627
1630. 2626
1631. 1385
1632. 737
1633. 2592
1634. 1753
1635. 1551
1636. 744
1637. 1756
1638. 2568
1639. 745
1640. 1002
1641. 999
1642. 1000
1643. 1052
1644. 1315
1645. 1357
1646. 1359
1647. 1358
1648. 890
1649. 1374
1650. 1090
1651. 1373
1652. 905
1653. 981
1654. 892
1655. 963
1656. 1412
1657. 1466
1658. 1465
1659. 891
1660. 1179
1661. 968
1662. 970
1663. 969
1664. 967
1665. 1823
1666. 1822
1667. 1821
1668. 1863
1669. 1306
1670. 1748
1671. 1372
1672. 1370
1673. 1566
1674. 1371
1675. 1921
1676. 2594
1677. 2593
1678. 1307
1679. 1310
1680. 1308
1681. 1309
1682. 1877
1683. 1061
1684. 1065
1685. 1063
1686. 1878
1687. 1879
1688. 1062
1689. 1064
1690. 1876
1691. 983
1692. 986
1693. 1818
1694. 913
1695. 982
1696. 2652
1697. 2655
1698. 2656
1699. 2653
1700. 2654
1701. 2634
1702. 2633
1703. 2635
1704. 912
1705. 1859
1706. 1858
1707. 1860
1708. 1861
1709. 1862
1710. 911
1711. 1045
1712. 2569
1713. 985
1714. 1854
1715. 984
1716. 2614
1717. 2612
1718. 2613
1719. 2610
1720. 2611
1721. 1819
1722. 1847
1723. 1845
1724. 1846
1725. 1395
1726. 2644
1727. 2641
1728. 2645
1729. 1093
1730. 2643
1731. 2640
1732. 1397
1733. 2638
1734. 1398
1735. 2637
1736. 1083
1737. 1394
1738. 2639
1739. 2642
1740. 1396
1741. 2636
1742. 1855
1743. 1856
1744. 1402
1745. 1404
1746. 1403
1747. 1363
1748. 1362
1749. 1007
1750. 1068
1751. 1067
1752. 1857
1753. 1866
1754. 1865
1755. 1868
1756. 1867
1757. 1864
1758. 0
1759. 2
1760. 1
1761. 3
